══ 漏斗:
pv	89660688	984105
cart	5530446	738996
fav	2888258	389823
buy	2015839	672404
══ 日大盘(北京):
2017-11-25	706641	9353423	563376	302071	201145
2017-11-26	715516	9567423	582581	308954	205644
2017-11-27	710094	9041187	541904	291221	226835
2017-11-28	709257	8842933	534157	289100	212000
2017-11-29	718922	9210821	551593	298587	223072
2017-11-30	730597	9358998	565015	302264	221463
2017-12-01	740139	9718959	623346	307115	210016
2017-12-02	970401	12329644	793569	396749	257907
2017-12-03	966977	12237300	774905	392197	257757
══ 类目TOP:
4159072	227400	18016	0.079226
866301	142137	9033	0.063551
3231625	102041	6401	0.06273
3747017	100411	5951	0.059266
1834026	128912	6882	0.053385
